68 -6 -35 2
46 -28 -37 104
65 -25 118 -58 
35 -42 -16 -125
118 -60 2 -17
-116 -67 -87 122
-38 -59 -31 102 
26 113 -52 -67 
-109 -128 68 83
-92 -10 -94 -48
-14 79 -119 36
-70 65 51 127
9 -57 61 67
-118 28 -123 -60
4 -39 -49 111
-77 -125 71 122
33 65 -28 16 
74 3 -78 -119
90 -109 -52 -56
-113 45 -10 36
122 38 -24 105 
14 86 73 -65 
88 70 62 -87
27 -52 -58 105 

-1375728960 452713549 639968777 333400234 1657462699 -450478922 -81499892 -2130949257 -2083136772 679686903 -577897430 -1525288862 -1024125440 981552352 -563164021 -1803419996 

Cool rules string:
B3,9/S2,3,4,9
B3,6,9/S2,3,4,6,8,9